c1cd38c9637c19d8|+3V3|1|12|1495,885,L,1495,1165,1515,1185,1515,1295,1525,1305,1525,1335,1715,915
26f5cca3938033a7|+3V3|2|12|1495,1005,L,1495,1135,1525,1345,1525,1355,1545,1355,1565,1335,1595,1335,1715,1215,1715,925
39b3bb35d93df9bb|+3V3|1|40|1065,1505,L,1075,1515,1075,1565,1815,1205,1795,1185,1795,855,1715,775,1715,725
9529711f5839e719|+3V3|2|40|1075,1575,L,1085,1585,1225,1585,1265,1625,1275,1625,1285,1635,1405,1635,1415,1625,1425,1625,1715,1335,1715,1305,1805,1215
2187f2eb5ec05f6b|+3V3|2|40|1485,835,L,1465,815,1465,755,1395,685,1395,675,1385,665,1385,625,1395,615,1395,605,1405,595,1405,485
82a4fd69a8d901b6|+3V3|1|40|1405,475,L,1465,535,1465,545
02315629bdbad2ca|+3V3|1|40|1735,725,L,1735,785,1815,865,1815,1095,1845,1135,1845,1145,1865,1165,1865,1175,1875,1185,1875,1225,1865,1235,1865,1245,1835,1275,1835,1295
fcb7ea962a8eb75d|+3V3|2|40|1815,1105,L,1835,1125
65c434a5e60aece6|+3V3|2|12|1345,135,L,1365,135,1375,145,1435,145,1445,135,1445,85,1485,45,1485,-35,1455,-65,1455,-75,1115,-205,1095,-185,1065,-185,965,-85,945,-85
a99afd640dd575a9|+3V3|1|12|1455,-85,L,1425,-85,1365,-145,1175,-145,1125,-195,935,-85,935,55
461104ebe2898cb7|CC1|1|7|-49.2,-1774.6,L,-49.2,-1819
5ade44b3b3becc5b|CC1|1|12|-49.2,-1819,L,-49.2,-1890
ef6d116b9531d12b|CC2|1|7|68.9,-1774.6,L,68.9,-1819
76e4a666a750da60|CC2|1|12|68.9,-1819,L,68.9,-1890
d0ce5e1a5b988fc8|SWB2|1|6|224.7,-520,L,200,-560,60,-560
09b98944604d213c|SWB2|1|6|60,-575,L,60,-800
22c69293ca857e0d|SWB2|1|6|60,-800,L,100.3,-845
e990c0ef3955d030|+3V3|1|12|1245,840.9,L,1245,930,1461,930,1495,930
82ca6db373071e2e|+3V3|1|12|1719.7,130,L,1700,60,1445,60,1445,85
2d81d223836b2a67|GND|2|12|-1390.6,-612.6,L,-1330,-612.6,-1330,-1105,2000,-1105,2000,-890
06264536c405fffc|GND|2|12|-1487.3,-845,L,-1487.3,-1105,-1330,-1105
6bfc8db0e9a5c236|AC_L|2|60|-1845,1265,L,-1855,1255,-1855,415
997dcb4eb52689ee|AC_N|2|60|-1625,1265,L,-1625,1115,-1595,1085,-1595,1075,-1065,545,-1065,85,-1035,55,-1035,35,-1025,25
8164e2846a418aca|AC_N|2|60|-1025,-35,L,-1025,-75,-1035,-85,-1035,-165,-1055,-185,-1055,-195,-1105,-245
06e12eea1443caaa|AC_N|1|60|-995,15,L,-845,165,-615,165,-605,175,-595,175,-555,215,-425,215,-385,255,-375,255
48828921a055734e|AC_N|1|60|-1125,-285,L,-1135,-295
39bd5115d6adc642|AC_N|2|60|-1145,-305,L,-1395,-555,-1825,-555,-1875,-605,-1885,-605
ab37740c6f08d6af|AC_L_F|2|60|-1625,395,L,-1345,395
6ee1312508e11c76|AC_L_F|2|60|-1285,385,L,-1275,385,-1275,55,-1285,45,-1285,-45,-1275,-55,-1275,-65,-1215,-125,-1125,-125
5590b5c302a782f5|AC_L_F|1|60|-1305,425,L,-1245,485,-975,485,-965,475,-955,475,-835,355,-765,355,-665,255
2ec0765181ac99ae|AC_L_F|2|60|-635,235,L,-605,205,-605,-925
9c3d3769928d0d71|AC_L_F|2|60|-645,-975,L,-1665,-975
e363dda66f6fef79|AC_L_F|2|60|-565,-995,L,-555,-995,-535,-1015,-515,-1015,-505,-1005,395,-1005,425,-975,455,-975
adbbc23cda9d68c9|AC_L_M|2|60|-1495,1445,L,-955,905,-955,85,-945,75,-945,55,-925,35,-925,-35,-935,-45,-935,-55,-945,-65,-945,-105
757585ff83feb223|AC_N_M|2|60|-1495,1105,L,-1095,705,-735,445,-705,415,-705,295,-715,285,-715,235,-705,225,-705,25,-855,-125,-855,-145,-945,-235,-945,-245
84f6e17b4c706778|AC_N_M|1|60|-1085,705,L,-925,545,-915,545,-815,445,-745,445
da1296a52173020e|OUT1|2|60|-1885,-785,L,-1795,-695,-1605,-695,-1595,-705,-1505,-705,-1415,-795
09769dc43b608365|OUT2|2|60|-1885,-1185,L,-1785,-1085,-1675,-1085,-1665,-1075,-1525,-1075,-505,-775,-495,-785,-405,-785,-355,-835,-345,-835
7f535348c82798d8|OUT2|1|60|-1515,-1075,L,-1385,-945,-1375,-945,-1365,-935,-1355,-935,-1255,-835,-565,-835,-515,-785
5d0f8c7f02906445|OUT3|1|60|-1905,-1055,L,-1835,-1125,-1835,-1255,-1845,-1265,-1845,-1315
c588650b76824ee0|OUT3|2|60|-1845,-1325,L,-1815,-1355,-405,-1355,-395,-1345,-375,-1345,-115,-1085,515,-1085,545,-1055,555,-1055,765,-845
6721ed23b8d8614a|CC1|1|12|-49.2,-1890,L,-49.2,-1950
ead4b1c3f9fbbeb9|CC1|1|12|-49.2,-1950,L,750.3,-1950
71b26ba1bae789f5|CC2|1|12|68.9,-1890,L,68.9,-1950
abb969bc8380061f|CC2|1|12|68.9,-1950,L,945.3,-1950
a405acb867b932c4|RLY3|2|12|1665,45,L,1665,-25
