dda4b4bcfa49f8d9|GPA5|1|12|1435,5,L,1425,5,1175,1425,1165,1415,1165,1315,1155,1305,1115,1305,1095,1285,1095,1275
a8ec7c564a6262df|GPA5|2|12|1415,5,L,1305,5,1225,-75,1215,-75,1205,-85,1185,-85,1145,-125,1085,-125,945,15,825,15,755,85,755,635,725,665,725,725,765,765,765,995,955,1185,955,1255,965,1265,1015,1265,1165,1415
79020a417e780892|GPA6|2|12|1365,45,L,1445,45,1455,35,1455,-25,1445,-35,1295,-35,1295,-45,1285,-45,1285,-55,1235,-105,1225,-105,1215,-115,1195,-115,1155,-155,1075,-155,935,-15,815,-15,725,75,725,625,695,655,695,735,735,775,735,1005,925,1195,925,1265,955,1295,975,1295,1145,1465,1305,1465,1315,1455,1315,1395,1155,1235
5bd516d8c6fe7f71|SW1|1|12|-1445,-1735,L,-1715,-1465,-1715,-1195,-1755,-1155,-1755,-1125
8436f408502e4f17|SW1|1|12|-1745,-1085,L,-1705,-1045,-1695,-1045,-1685,-1035,-1675,-1035,-1665,-1025,-1655,-1025,-1585,-955,-1585,-805,-1465,-685,-1465,-655
8adff6c7df7f744b|SW2|1|12|-345,-1745,L,-545,-1545,-545,-1195,-585,-1155,-585,-1125
7c8ac0408c9451f9|SW2|1|12|-575,-1085,L,-425,-935,-425,-655
5f29a09dcad27e32|SW3|1|12|765,-1735,L,685,-1655,685,-1195,655,-1165,655,-1125
cebfc3d873edf9e2|SW3|1|12|665,-1085,L,675,-1075,675,-655
1769937ca2cdc57c|SWB1|1|12|-1375,-675,L,-1335,-635,-1295,-635,-1275,-615
c32d7ad9cce1b1b6|SWB1|1|12|-1405,-695,L,-1545,-835
d8a47faf87ccc188|SWB2|1|12|-335,-695,L,-185,-845,85,-845
2732cfd4af43678d|SWB3|1|12|765,-695,L,795,-725,845,-725,865,-745,875,-745,965,-835,1595,-835
ed38127fcdb36b41|SWB3|2|12|1435,-835,L,1585,-835
aaf4cdb4dbb56519|SWB3|1|12|1585,-835,L,1405,-835,1715,-525
be6d45f2eda08287|SWB3|2|12|1395,-835,L,1395,-805,1675,-525,1705,-525
8ada987282087092|$1N9|1|12|1225,1835,L,1285,1775,1285,1505
b8ec0be4d6a8d1b3|+5V|1|40|-1745,-1735,L,-1755,-1725,-1755,-1255
897d4a8a334f6bc2|+5V|1|40|-1665,-1785,L,-1515,-1785,-1465,-1835,-1455,-1835,-1445,-1845,-1375,-1845,-1365,-1835,-1355,-1835,-1285,-1765,-645,-1765
f4710c5d29604849|+5V|1|40|-585,-1725,L,-585,-1255
1bae6954d4b8d114|+5V|1|12|-565,-1785,L,-525,-1825,-345,-1825,-335,-1835,-245,-1835,-215,-1865,215,-1865,245,-1835
442c67326d80cd5e|+5V|1|40|-585,-1805,L,-585,-1825,-545,-1865,-365,-1865,-355,-1875,-265,-1875,-235,-1905,235,-1905,285,-1855,325,-1855
478bc9b6d46eedbe|+5V|2|40|355,-1855,L,445,-1765,455,-1765
766ce3ba42256f80|+5V|1|40|525,-1725,L,645,-1605,645,-1255
72358c0792fef5a4|+5V|1|12|635,-1215,L,635,-1185,625,-1175,625,-1155,615,-1145,615,-625,795,-435,845,-385,845,175,865,195,865,275,885,295,895,525,865,555,865,575
fa231e9aac4ef0f1|+5V|2|12|615,-615,L,785,-445,895,305,895,515
7d8d8f6201305b9b|+5V|1|12|875,585,L,895,585,915,565,925,565,945,545
4eb72cff60399137|+5V|2|40|945,545,L,965,545
c7bd55736edf91ae|+5V|1|40|975,535,L,985,535,1015,565,1015,575
09366e493d7f47d0|+5V|2|40|665,-1215,L,685,-1195,825,-1195,835,-1185,845,-1185,1135,-895,1615,-895,1625,-885,1635,-885,1705,-815,1815,-115,1815,155,1865,205
1dbf327a8d866311|+5V|1|40|1715,-805,L,1725,-795,1725,-615,1765,-575,1765,-555,1775,-545,1775,-155,1805,-125,1875,215,1835,255,1835,635,1745,635,1725,615,1725,595
2899d33c7e37ac2c|+5V|1|12|1255,595,L,1255,625,1245,635,1245,735,1345,1495,1315,1465,1245,1465,1225,1445,1225,1375
55c7549d47b6648e|+5V|2|12|1245,745,L,1245,1285,1345,1385,1345,1485
bb1dc8aaa5dea16d|+5V|2|40|1285,595,L,1285,695,1295,705,1295,715,1305,725,1305,875,1445,1015,1445,1025,1455,1035,1455,1465,1445,1475,1445,1485,1385,1545,1375,1545,1365,1555,1325,1555,1315,1545,1305,1545,1265,1505,1125,1505,985,1365,925,1365
e7965e571aec66f1|+5V|1|40|915,1365,L,845,1365
2d3284208163a044|+5V|1|40|815,1395,L,815,1415,875,1475,875,1795,925,1845,1035,1845,1085,1895,1255,1895,1275,1875,1275,1855
e972607344a25d3c|+5V|1|40|1265,1855,L,1255,1865,1255,1875,1075,1875,1045,1845,1005,1845
25939c08f3273969|+5V|1|40|1285,1855,L,1795,2105,1785,2105
55b7d2300c77c1ed|+5V|2|40|1295,1865,L,1535,2105,1785,2105
4373634e911f80de|+3V3|1|40|1005,1755,L,1035,1755
6835a5dc0e2d2d20|+3V3|2|40|935,1755,L,815,1755
fc5077f15c61eb74|+3V3|1|40|805,1755,L,765,1755
40634f7c0f6d6092|+3V3|2|40|1055,1745,L,1055,1725
8adbaba7a6fff299|+3V3|1|40|1055,1715,L,1055,1505
8bec8433308434c7|+3V3|1|12|1065,1505,L,1495,985,1495,885
a160d4fe2440d4d2|+3V3|2|12|1075,1515,L,1105,1545,1245,1545,1285,1585,1295,1585,1305,1595,1385,1595,1395,1585,1405,1585,1495,1495,1495,995
