2df1cc2eada65983||11|10|-2205,-2205,L,-2205,2205,2205,2205,2205,-2205,-2205,-2205
7431c0e962dd4aa8|VMAIN|1|40|495,735,L,595,635,905,635,915,625,945,625
a3169e150e802c8c|VBUS|1|12|95,-1795,L,95,-1815,-95,-1815,-95,-1795
55310b751de44505|VBUS|1|40|95,-1795,L,95,-1805,315,-1785,325,-1785
82b0bbbc46a96488|VBUS|2|40|95,-1815,L,115,-1835,115,-1875,225,-1875,305,-1795
b06da783948e3096|RLY1|1|12|1825,65,L,1755,135,1755,165,1695,225,1485,225,1105,605,1105,625,955,775,815,775,815,905,845,935,845,1195
02973b6ff8800e51|RLY1|1|12|1825,-15,L,1275,-565,-1305,-565,-1325,-585
6b89bb46bafae400|RLY2|1|12|1745,65,L,1715,95,1625,95,1525,195,1475,195,1135,535,1115,535,895,935,895,1195
4d4208c3d67655e8|RLY2|2|12|1105,535,L,895,745,895,925
05a67e4cc05ecf7f|RLY2|1|12|1745,-15,L,1275,-485,195,-485,175,-505
cb717ee62c6e9d0e|RLY3|1|12|1665,-15,L,1665,-505
9a395e71d0470fc9|RLY3|2|12|1665,-25,L,1665,-235
b9efd06d0807ca8e|RLY3|2|12|1665,45,L,965,745,965,925
1f8137d1134eebad|RLY3|1|12|965,935,L,945,955,945,1195
1bf72c4066d7215e|DIN1|1|12|1915,-1245,L,1295,-625,1295,-615,1125,-435,1065,-375,1065,195,1035,225,1035,425,1065,455,1065,575
8316f2cbcbc8e320|DIN1|2|12|1295,-605,L,1135,-445
8140f2e9b3ee6a49|DIN2|1|12|1915,-1045,L,1875,-1005,1875,85,1705,255,1705,425,1555,575,1555,595,1435,595,1425,585,1345,585
bf8dea5713c33078|DIN3|1|12|1975,-835,L,1975,-755,2015,-715,2015,-635,1955,-575,1955,-205,1905,-155,1905,95,1785,215,1785,575
0f965c4d75b8026a|DI_COM|2|12|1925,-635,L,1705,-415,1705,5,1695,15,1695,55,1645,105,1645,335
1b8ea631ff6a349c|DI_COM|1|12|1645,345,L,1645,355
b7ddb83ef38ed566|DI_COM|2|12|1915,-645,L,1895,-645,1335,-85
8f64f4a16b5bf500|DI_COM|1|12|1325,-75,L,1315,-65,1315,85,1305,95,1235,95,1235,215,1245,225,1245,325,1215,355
5b9a102f6777b031|DI_COM|2|12|1165,375,L,995,375
94bc45452b664d54|DI_COM|1|12|985,375,L,765,375
555f4fd6bb23e056|DI1|1|12|1665,1295,L,1475,1105,1165,1105,1055,995,1005,995,1095,415,1095,395
8a067edd945d384c|DI1|2|12|995,995,L,975,975,865,975,855,965,855,905,865,895,865,735,1065,535,1065,505,1095,475,1095,425
48b735a79a75a934|DI1|1|12|1085,355,L,885,145,885,75
7dee9adc932ce74a|DI1|2|12|1085,345,L,895,155
c7fea7bdb6662ca5|DI2|1|12|1585,1295,L,1565,1275,1545,495,1545,395
2995936a5eb5309d|DI2|2|12|1555,1265,L,1545,1255,1545,505
cffc78b4e782462e|DI2|1|12|1585,1375,L,1575,1375,1555,1395,1325,1395,1315,1405,1295,1405,1285,1415,1295,175,1275,155,1275,145
87c067cf9be65146|DI2|2|12|1275,1425,L,825,975,825,895,835,885,835,725,845,715,845,115,855,105,915,105,945,135,1255,135,1285,165
57de8a7f235eb4fa|DI3|2|12|1535,1325,L,1555,1305,1585,1305,1665,1225,1665,395,1685,375,1685,315,1675,305,1675,195
f2c9b166820f40c2|DI3|1|12|1675,185,L,1665,175,1665,145
4cc7c2600be241cb|DI3|2|12|1665,145,L,1705,145,1925,365
7122bffeadd161ed|DI3|1|12|1935,375,L,1975,375
922876fb2bdeb0d6|SDA|1|12|1625,2065,L,1665,2025,1665,1445,1715,1395,1715,1275,1665,1225,1665,925
d08ae905760b8642|SDA|1|12|1645,895,L,1615,865,1615,595,1445,645,1445,805
aab90d13d0e03758|SDA|2|12|1615,585,L,1585,555,1585,465,1575,455,1515,455,1445,525,1445,635
a4a445a5fcb831c5|SCL|1|12|1525,2065,L,1395,1935,1395,885
e603a59901fa0fcf|SCL|2|12|1395,1445,L,1395,1065
d66746d70d429dbf|SCL|1|12|1545,2145,L,1555,2145,1575,2165,1725,2165,1725,1465,1795,1395,1795,1275,1755,1235,1755,875,1665,785,1665,725
e0842a33b0a50d5b|GPA3|1|12|1585,65,L,1545,105,1415,105,995,1225
86da35a3c37b1c9f|GPA3|2|12|1405,105,L,955,105,925,75,845,75,815,105,815,705,805,715,805,875,795,885,795,985,995,1185,995,1215
82f75dbb58f4757a|GPA4|1|12|1505,-15,L,1495,-15,1475,-35,1435,-35,1355,-115,1295,-115,1265,-85,1125,-85,765,695,785,715,785,915,815,945,815,1305,1025,1305,1045,1285,1045,1275
ed3ae90c42661fcd|GPA4|2|12|1115,-85,L,985,45,835,45,785,95,785,675,775,685
